1
 19,8,11,34,27,20,14,12,10,9,7,15,13,6,37,23,21,18,2,35,16,5,4
1.8
 4
1.THEORETICAL
 34
10
 37,34,30,25,19,14
100
 27,19
10136
 35
1024
 14
11
 34,37,31,30,19
11,12
 19
12
 27,34,37,19
128
 14
129
 34
129-142
 34
12][13
 27
13
 34,27,37,19,2
13(11
 34
13(3
 34
13,14
 19
14
 37,34,19
14(6
 34
1410
 34
1410-1421
 34
142
 34
1421
 34
15
 34,37,19,14,2
15(5
 34
15,16
 19
1508
 34,2
1508-1517
 34,2
1517
 34,2
16
 37,19
17
 37,19
17,18
 19
18
 37,34,19
18(2
 34
19
 34,2
19(12
 34
19(4
 34
1978
 34
1992
 34
1993
 34
1995
 34
