1
 19,8,12,11,33,26,20,14,10,9,7,15,13,6,35,23,21,18,2,16,5,4
1.8
 4
1.THEORETICAL
 33
10
 35,33,29,19,14
100
 26,19
1024
 14
11
 33,35,30,19
11,12
 19
12
 26,33,35,19
128
 14
129
 33
129-142
 33
12][13
 26
13
 33,26,35,19,2
13(11
 33
13(3
 33
13,14
 19
14
 35,33,19
14(6
 33
1410
 33
1410-1421
 33
142
 33
1421
 33
15
 33,35,19,14,2
15(5
 33
15,16
 19
1508
 33,2
1508-1517
 33,2
1517
 33,2
16
 35,19
17
 35,19
17,18
 19
18
 35,33,19
18(2
 33
19
 33,2
19(12
 33
19(4
 33
1978
 33
1992
 33
1993
 33
1995
 33
